# Made in Blockbench 4.2.5
mtllib martello.mtl

o cube
v 0.375 1.072629009192854 -0.9032155592206684
v 0.3125 1.072629009192854 -0.9032155592206684
v 0.375 0.8095341494418549 -0.2680483806191588
v 0.3125 0.8095341494418549 -0.2680483806191588
v 0.3125 1.1303714799748095 -0.8792978446978503
v 0.375 1.1303714799748095 -0.8792978446978503
v 0.3125 0.8672766202238102 -0.2441306660963407
v 0.375 0.8672766202238102 -0.24413066609634068
vt 0 0.8125
vt 0.03125 0.8125
vt 0.03125 0.46875
vt 0 0.46875
vt 0.03125 0.8125
vt 0.0625 0.8125
vt 0.0625 0.46875
vt 0.03125 0.46875
vt 0.0625 0.8125
vt 0.09375 0.8125
vt 0.09375 0.46875
vt 0.0625 0.46875
vt 0.09375 0.8125
vt 0.125 0.8125
vt 0.125 0.46875
vt 0.09375 0.46875
vt 0.3125 0.59375
vt 0.28125 0.59375
vt 0.28125 0.625
vt 0.3125 0.625
vt 0.34375 0.625
vt 0.3125 0.625
vt 0.3125 0.59375
vt 0.34375 0.59375
vn -1 -2.051424657947913e-16 -8.497279155086134e-17
vn 2.2204460492503126e-16 -0.9238795325112866 -0.38268343236508984
vn 1 2.051424657947913e-16 8.497279155086134e-17
vn -2.2204460492503126e-16 0.9238795325112866 0.38268343236508984
vn 0 0.38268343236508984 -0.9238795325112866
vn 0 -0.38268343236508984 0.9238795325112866
usemtl m_0
f 4/4/1 7/3/1 5/2/1 2/1/1
f 3/8/2 4/7/2 2/6/2 1/5/2
f 8/12/3 3/11/3 1/10/3 6/9/3
f 7/16/4 8/15/4 6/14/4 5/13/4
f 6/20/5 1/19/5 2/18/5 5/17/5
f 7/24/6 4/23/6 3/22/6 8/21/6
o cube
v 0.4375 0.8235448222283537 -0.46519350748784316
v 0.25 0.8235448222283537 -0.46519350748784316
v 0.4375 0.7996271077055356 -0.4074510367058878
v 0.25 0.7996271077055355 -0.4074510367058878
v 0.24999999999999997 0.9967722345742198 -0.39344036391938886
v 0.4375 0.9967722345742199 -0.39344036391938886
v 0.24999999999999997 0.9728545200514018 -0.3356978931374335
v 0.4375 0.9728545200514018 -0.3356978931374335
vt 0.3125 0.75
vt 0.40625 0.75
vt 0.40625 0.71875
vt 0.3125 0.71875
vt 0.3125 0.71875
vt 0.40625 0.71875
vt 0.40625 0.6875
vt 0.3125 0.6875
vt 0.3125 0.6875
vt 0.40625 0.6875
vt 0.40625 0.65625
vt 0.3125 0.65625
vt 0.3125 0.65625
vt 0.40625 0.65625
vt 0.40625 0.625
vt 0.3125 0.625
vt 0.21875 0.625
vt 0.125 0.625
vt 0.125 0.71875
vt 0.21875 0.71875
vt 0.3125 0.71875
vt 0.21875 0.71875
vt 0.21875 0.625
vt 0.3125 0.625
vn -1 -2.051424657947913e-16 -8.497279155086134e-17
vn 2.2204460492503126e-16 -0.9238795325112866 -0.38268343236508984
vn 1 2.051424657947913e-16 8.497279155086134e-17
vn -2.2204460492503126e-16 0.9238795325112866 0.38268343236508984
vn 0 0.38268343236508984 -0.9238795325112866
vn 0 -0.38268343236508984 0.9238795325112866
usemtl m_0
f 12/28/7 15/27/7 13/26/7 10/25/7
f 11/32/8 12/31/8 10/30/8 9/29/8
f 16/36/9 11/35/9 9/34/9 14/33/9
f 15/40/10 16/39/10 14/38/10 13/37/10
f 14/44/11 9/43/11 10/42/11 13/41/11
f 15/48/12 12/47/12 11/46/12 16/45/12
o cube
v 0.4375 1.0288972111973975 -1.1242784006121709
v 0.25 1.0288972111973975 -1.1242784006121709
v 0.4375 0.9571440676289433 -0.9510509882663046
v 0.25 0.9571440676289432 -0.9510509882663046
v 0.24999999999999994 1.3176095651071746 -1.0046898279980803
v 0.4375 1.3176095651071746 -1.0046898279980803
v 0.24999999999999994 1.2458564215387202 -0.8314624156522141
v 0.4375 1.2458564215387204 -0.8314624156522141
vt 0 1
vt 0.15625 1
vt 0.15625 0.90625
vt 0 0.90625
vt 0.125 0.8125
vt 0.21875 0.8125
vt 0.21875 0.71875
vt 0.125 0.71875
vt 0 0.90625
vt 0.15625 0.90625
vt 0.15625 0.8125
vt 0 0.8125
vt 0.21875 0.8125
vt 0.3125 0.8125
vt 0.3125 0.71875
vt 0.21875 0.71875
vt 0.3125 0.90625
vt 0.15625 0.90625
vt 0.15625 1
vt 0.3125 1
vt 0.3125 0.90625
vt 0.15625 0.90625
vt 0.15625 0.8125
vt 0.3125 0.8125
vn -1 -2.051424657947913e-16 -8.497279155086134e-17
vn 2.2204460492503126e-16 -0.9238795325112866 -0.38268343236508984
vn 1 2.051424657947913e-16 8.497279155086134e-17
vn -2.2204460492503126e-16 0.9238795325112866 0.38268343236508984
vn 0 0.38268343236508984 -0.9238795325112866
vn 0 -0.38268343236508984 0.9238795325112866
usemtl m_0
f 20/52/13 23/51/13 21/50/13 18/49/13
f 19/56/14 20/55/14 18/54/14 17/53/14
f 24/60/15 19/59/15 17/58/15 22/57/15
f 23/64/16 24/63/16 22/62/16 21/61/16
f 22/68/17 17/67/17 18/66/17 21/65/17
f 23/72/18 20/71/18 19/70/18 24/69/18
o cube
v 0.375 1.2162811143694827 -1.1560513413462181
v 0.3125 1.2162811143694827 -1.1560513413462181
v 0.375 1.1007961728055717 -1.1082159123005821
v 0.3125 1.1007961728055717 -1.1082159123005821
v 0.3125 1.264116543415119 -1.0405663997823074
v 0.375 1.264116543415119 -1.0405663997823074
v 0.3125 1.148631601851208 -0.9927309707366713
v 0.375 1.148631601851208 -0.9927309707366713
vt 0.3125 1
vt 0.375 1
vt 0.375 0.9375
vt 0.3125 0.9375
vt 0.375 1
vt 0.40625 1
vt 0.40625 0.9375
vt 0.375 0.9375
vt 0.3125 0.9375
vt 0.375 0.9375
vt 0.375 0.875
vt 0.3125 0.875
vt 0.375 0.9375
vt 0.40625 0.9375
vt 0.40625 0.875
vt 0.375 0.875
vt 0.1875 0.59375
vt 0.125 0.59375
vt 0.125 0.625
vt 0.1875 0.625
vt 0.4375 0.875
vt 0.375 0.875
vt 0.375 0.84375
vt 0.4375 0.84375
vn -1 -2.0514246579479128e-16 -8.497279155086134e-17
vn 1.5700924586837747e-16 -0.3826834323650896 -0.923879532511287
vn 1 2.0514246579479128e-16 8.497279155086134e-17
vn -1.5700924586837747e-16 0.3826834323650896 0.923879532511287
vn -1.5700924586837752e-16 0.923879532511287 -0.3826834323650896
vn 1.5700924586837752e-16 -0.923879532511287 0.3826834323650896
usemtl m_0
f 28/76/19 31/75/19 29/74/19 26/73/19
f 27/80/20 28/79/20 26/78/20 25/77/20
f 32/84/21 27/83/21 25/82/21 30/81/21
f 31/88/22 32/87/22 30/86/22 29/85/22
f 30/92/23 25/91/23 26/90/23 29/89/23
f 31/96/24 28/95/24 27/94/24 32/93/24
o cube
v 0.35625 1.2501058706286199 -1.2377115266509917
v 0.33125 1.2501058706286199 -1.2377115266509917
v 0.35625 1.1346209290647091 -1.1898760976053555
v 0.33125 1.1346209290647091 -1.1898760976053555
v 0.33125 1.297941299674256 -1.122226585087081
v 0.35625 1.297941299674256 -1.122226585087081
v 0.33125 1.1824563581103453 -1.0743911560414448
v 0.35625 1.1824563581103453 -1.0743911560414448
vt 0.3125 0.875
vt 0.375 0.875
vt 0.375 0.8125
vt 0.3125 0.8125
vt 0.375 0.84375
vt 0.40625 0.84375
vt 0.40625 0.78125
vt 0.375 0.78125
vt 0.3125 0.8125
vt 0.375 0.8125
vt 0.375 0.75
vt 0.3125 0.75
vt 0.1875 0.625
vt 0.21875 0.625
vt 0.21875 0.5625
vt 0.1875 0.5625
vt 0.28125 0.59375
vt 0.21875 0.59375
vt 0.21875 0.625
vt 0.28125 0.625
vt 0.4375 0.78125
vt 0.375 0.78125
vt 0.375 0.75
vt 0.4375 0.75
vn -1 -2.0514246579479128e-16 -8.497279155086134e-17
vn 1.5700924586837747e-16 -0.3826834323650896 -0.923879532511287
vn 1 2.0514246579479128e-16 8.497279155086134e-17
vn -1.5700924586837747e-16 0.3826834323650896 0.923879532511287
vn -1.5700924586837752e-16 0.923879532511287 -0.3826834323650896
vn 1.5700924586837752e-16 -0.923879532511287 0.3826834323650896
usemtl m_0
f 36/100/25 39/99/25 37/98/25 34/97/25
f 35/104/26 36/103/26 34/102/26 33/101/26
f 40/108/27 35/107/27 33/106/27 38/105/27
f 39/112/28 40/111/28 38/110/28 37/109/28
f 38/116/29 33/115/29 34/114/29 37/113/29
f 39/120/30 36/119/30 35/118/30 40/117/30
o cube
v 0.30775463786709034 1.1085063601041205 -0.9898311463726666
v 0.2635604640429311 1.125418738233689 -1.0306612390250534
v 0.2635604640429311 1.091593981974552 -0.9490010537202798
v 0.21936629021877188 1.1085063601041205 -0.9898311463726666
v 0.2635604640429311 1.1831612090156445 -1.0067435245022351
v 0.30775463786709034 1.166248830886076 -0.9659134318498483
v 0.21936629021877185 1.166248830886076 -0.9659134318498483
v 0.2635604640429311 1.1493364527565073 -0.9250833391974617
vt 0.40625 0.9375
vt 0.40625 0.96875
vt 0.4375 0.96875
vt 0.4375 0.9375
vt 0.4375 0.96875
vt 0.4375 0.9375
vt 0.40625 0.9375
vt 0.40625 0.96875
vt 0.4375 0.96875
vt 0.4375 0.9375
vt 0.40625 0.9375
vt 0.40625 0.96875
vt 0.4375 0.96875
vt 0.4375 0.9375
vt 0.40625 0.9375
vt 0.40625 0.96875
vt 0.4375 0.96875
vt 0.4375 0.9375
vt 0.40625 0.9375
vt 0.40625 0.96875
vt 0.4375 0.96875
vt 0.4375 0.9375
vt 0.40625 0.9375
vt 0.40625 0.96875
vn -0.7071067811865475 0.27059805007309845 -0.6532814824381885
vn 2.775557561562892e-16 -0.9238795325112867 -0.3826834323650899
vn 0.7071067811865475 -0.27059805007309845 0.6532814824381885
vn -2.775557561562892e-16 0.9238795325112867 0.3826834323650899
vn 0.7071067811865477 0.27059805007309873 -0.6532814824381882
vn -0.7071067811865477 -0.27059805007309873 0.6532814824381882
usemtl m_0
f 44/124/31 47/123/31 45/122/31 42/121/31
f 43/128/32 44/127/32 42/126/32 41/125/32
f 48/132/33 43/131/33 41/130/33 46/129/33
f 47/136/34 48/135/34 46/134/34 45/133/34
f 46/140/35 41/139/35 42/138/35 45/137/35
f 47/144/36 44/143/36 43/142/36 48/141/36
o cube
v 0.46705575807790656 1.108427920056663 -0.9896417753462614
v 0.4228615842537473 1.1253402981862315 -1.0304718679986482
v 0.4228615842537473 1.0915155419270943 -0.9488116826938746
v 0.37866741042958807 1.108427920056663 -0.9896417753462614
v 0.4228615842537473 1.1830827689681869 -1.00655415347583
v 0.46705575807790656 1.1661703908386183 -0.9657240608234432
v 0.37866741042958807 1.1661703908386183 -0.9657240608234432
v 0.4228615842537473 1.1492580127090497 -0.9248939681710565
vt 0.40625 0.9375
vt 0.40625 0.96875
vt 0.4375 0.96875
vt 0.4375 0.9375
vt 0.4375 0.96875
vt 0.4375 0.9375
vt 0.40625 0.9375
vt 0.40625 0.96875
vt 0.4375 0.96875
vt 0.4375 0.9375
vt 0.40625 0.9375
vt 0.40625 0.96875
vt 0.4375 0.96875
vt 0.4375 0.9375
vt 0.40625 0.9375
vt 0.40625 0.96875
vt 0.4375 0.96875
vt 0.4375 0.9375
vt 0.40625 0.9375
vt 0.40625 0.96875
vt 0.4375 0.96875
vt 0.4375 0.9375
vt 0.40625 0.9375
vt 0.40625 0.96875
vn -0.7071067811865475 0.27059805007309845 -0.6532814824381885
vn 2.775557561562892e-16 -0.9238795325112867 -0.3826834323650899
vn 0.7071067811865475 -0.27059805007309845 0.6532814824381885
vn -2.775557561562892e-16 0.9238795325112867 0.3826834323650899
vn 0.7071067811865477 0.27059805007309873 -0.6532814824381882
vn -0.7071067811865477 -0.27059805007309873 0.6532814824381882
usemtl m_0
f 52/148/37 55/147/37 53/146/37 50/145/37
f 51/152/38 52/151/38 50/150/38 49/149/38
f 56/156/39 51/155/39 49/154/39 54/153/39
f 55/160/40 56/159/40 54/158/40 53/157/40
f 54/164/41 49/163/41 50/162/41 53/161/41
f 55/168/42 52/167/42 51/166/42 56/165/42